469
2599
1192
1893
1888
4413
2454
6491
4009
4897
2562
1654
4990
2733
1043
866
6217
7870
3049
7840
6631
2416
6956
2360
4973
5339
9144
349
7015
1859
5987
7437
555
2501
521
6386
8525
3329
3658
5154
5237
5223
7609
7625
9893
4758
7156
9062
3785
7824
8510
7821
482
6299
7652
9373
8753
9126
5817
4064
1820
1065
2658
6815
4388
5196
3768
7208
5733
1996
5935
9458
9982
933
1451
8785
5060
3854
474
9046
6331
2837
9420
9551
8832
8341
8734
4787
6262
3206
9421
9066
4121
5975
1279
9934
8801
7163
3778
4636
9717
8120
4841
7839
5000
8904
4062
6908
5355
9835
2011
7060
2728
3444
8735
8852
114
4441
192
4353
7375
1610
4676
9755
5532
6758
2077
7928
2961
2850
5485
6292
6033
1941
9619
5547
9842
891
3079
6148
6774
4961
1024
1865
2355
2572
9953
8828
3957
992
5483
2445
633
3603
5265
4755
1868
3519
5981
7773
4620
9029
980
5293
8537
4475
8273
3624
2589
2171
6163
9900
4905
7626
6895
8625
2836
7599
7798
8634
1994
3838
2922
1826
3927
44
3918
9355
3924
7470
4393
6927
4995
8313
7655
726
491
7897
9419
368
8402
6900
7075
5226
9817
1784
2947
8504
7832
7418
8979
3420
5083
9664
3724
8893
881
4158
9071
7287
827
2339
8692
8840
3899
6185
3844
6108
8932
6047
3466
9209
2874
6629
5002
1182
2682
60
7727
8609
2545
3330
3568
8638
8935
9215
4653
261
3053
4140
7622
4691
6453
4797
2037
6302
4749
231
7316
4350
9326
3564
6109
6780
2577
5982
744
6029
2851
108
2326
8721
4891
8071
3787
3781
2253
562
5357
1836
905
7427
3977
5407
7233
2933
9018
7830
6816
4380
6216
5301
2831
248
6969
8024
2053
215
7646
7623
4839
2380
2308
4838
9240
7090
365
3849
7223
5151
5264
5390
8992
7555
5909
9474
5555
3963
439
2956
2788
6207
8342
1380
1719
1093
4791
2873
4359
1864
5804
3668
1576
270
95
4376
7045
3651
1808
2465
6198
3892
9836
6278
5076
5224
2759
5026
3402
1492
8845
6079
5595
3863
7143
3482
1039
1976
5863
609
83
9432
6694
9964
6500
5220
5382
548
509
2022
707
7114
940
7147
4192
7865
49
6970
5461
6605
4970
1756
8745
6764
2838
9498
2208
1731
8576
4021
791
9509
3693
4289
5257
6958
8083
9785
5591
7760
4914
8432
1344
3612
865
8185
7844
7678
727
5621
8505
3972
7152
6544
485
1218
6944
2357
2550
12
8800
5953
7003
911
6412
8375
934
189
7422
9403
68
1267
9784
3646
5967
3192
5160
5787
6137
2259
639
2575
7801
7289
7739
9357
5818
2319
5632
5946
2062
9833
66
604
6435
6914
592
5860
1239
2681
7711
8477
1477
6409
7460
1371
5694
6586
9335
9246
5091
4860
8476
1626
4472
5133
1362
6687
6056
1515
5173
5509
758
272
9014
8728
4998
5524
1900
5586
4422
3154
7482
929
7848
2794
7288
8702
4346
2156
